{
 "cells": [
  {
   "cell_type": "code",
   "execution_count": 1,
   "id": "1d13c8a9",
   "metadata": {},
   "outputs": [],
   "source": [
    "import gurobipy as gp"
   ]
  },
  {
   "cell_type": "code",
   "execution_count": 2,
   "id": "0367488e",
   "metadata": {},
   "outputs": [],
   "source": [
    "# Parâmetros do problema\n",
    "qtd_pontos = 29\n",
    "# Matriz de custos\n",
    "mat_custos = [\n",
    "    [0, 107, 241, 190, 124, 80, 316, 76, 152, 157, 283, 133, 113, 297, 228, 129, 348, 276, 188, 150, 65, 341, 184, 67, 221, 169, 108, 45, 167],\n",
    "    [107, 0, 148, 137, 88, 127, 336, 183, 134, 95, 254, 180, 101, 234, 175, 176, 265, 199, 182, 67, 42, 278, 271, 146, 251, 105, 191, 139, 79],\n",
    "    [241, 148, 0, 374, 171, 259, 509, 317, 217, 232, 491, 312, 280, 391, 412, 349, 422, 356, 355, 204, 182, 435, 417, 292, 424, 116, 337, 273, 77],\n",
    "    [190, 137, 374, 0, 202, 234, 222, 192, 248, 42, 117, 287, 79, 107, 38, 121, 152, 86, 68, 70, 137, 151, 239, 135, 137, 242, 165, 228, 205],\n",
    "    [124, 88, 171, 202, 0, 61, 392, 202, 46, 160, 319, 112, 163, 322, 240, 232, 314, 287, 238, 155, 65, 366, 300, 175, 307, 57, 220, 121, 97],\n",
    "    [80, 127, 259, 234, 61, 0, 386, 141, 72, 167, 351, 55, 157, 331, 272, 226, 362, 296, 232, 164, 85, 375, 249, 147, 301, 118, 188, 60, 185],\n",
    "    [316, 336, 509, 222, 392, 386, 0, 233, 438, 254, 202, 439, 235, 254, 210, 187, 313, 266, 154, 282, 321, 298, 168, 249, 95, 437, 190, 314, 435],\n",
    "    [76, 183, 317, 192, 202, 141, 233, 0, 213, 188, 272, 193, 131, 302, 233, 98, 344, 289, 177, 216, 141, 346, 108, 57, 190, 245, 43, 81, 243],\n",
    "    [152, 134, 217, 248, 46, 72, 438, 213, 0, 206, 365, 89, 209, 368, 286, 278, 360, 333, 284, 201, 111, 412, 321, 221, 353, 72, 266, 132, 111],\n",
    "    [157, 95, 232, 42, 160, 167, 254, 188, 206, 0, 159, 220, 57, 149, 80, 132, 193, 127, 100, 28, 95, 193, 241, 131, 169, 200, 161, 189, 163],\n",
    "    [283, 254, 491, 117, 319, 351, 202, 272, 365, 159, 0, 404, 176, 106, 79, 161, 165, 141, 95, 187, 254, 103, 279, 215, 117, 359, 216, 308, 322],\n",
    "    [133, 180, 312, 287, 112, 55, 439, 193, 89, 220, 404, 0, 210, 384, 325, 279, 415, 349, 285, 217, 138, 428, 310, 200, 354, 169, 241, 112, 238],\n",
    "    [113, 101, 280, 79, 163, 157, 235, 131, 209, 57, 176, 210, 0, 186, 117, 75, 231, 165, 81, 85, 92, 230, 184, 74, 150, 208, 104, 158, 206],\n",
    "    [297, 234, 391, 107, 322, 331, 254, 302, 368, 149, 106, 384, 186, 0, 69, 191, 59, 35, 125, 167, 255, 44, 309, 245, 169, 327, 246, 335, 288],\n",
    "    [228, 175, 412, 38, 240, 272, 210, 233, 286, 80, 79, 325, 117, 69, 0, 122, 122, 56, 56, 108, 175, 113, 240, 176, 125, 280, 177, 266, 243],\n",
    "    [129, 176, 349, 121, 232, 226, 187, 98, 278, 132, 161, 279, 75, 191, 122, 0, 244, 178, 66, 160, 161, 235, 118, 62, 92, 277, 55, 155, 275],\n",
    "    [348, 265, 422, 152, 314, 362, 313, 344, 360, 193, 165, 415, 231, 59, 122, 244, 0, 66, 178, 198, 286, 77, 362, 287, 228, 358, 299, 380, 319],\n",
    "    [276, 199, 356, 86, 287, 296, 266, 289, 333, 127, 141, 349, 165, 35, 56, 178, 66, 0, 112, 132, 220, 79, 296, 232, 181, 292, 233, 314, 253],\n",
    "    [188, 182, 355, 68, 238, 232, 154, 177, 284, 100, 95, 285, 81, 125, 56, 66, 178, 112, 0, 128, 167, 169, 179, 120, 69, 283, 121, 213, 281],\n",
    "    [150, 67, 204, 70, 155, 164, 282, 216, 201, 28, 187, 217, 85, 167, 108, 160, 198, 132, 128, 0, 88, 211, 269, 159, 197, 172, 189, 182, 135],\n",
    "    [65, 42, 182, 137, 65, 85, 321, 141, 111, 95, 254, 138, 92, 255, 175, 161, 286, 220, 167, 88, 0, 299, 229, 104, 236, 110, 149, 97, 108],\n",
    "    [341, 278, 435, 151, 366, 375, 298, 346, 412, 193, 103, 428, 230, 44, 113, 235, 77, 79, 169, 211, 299, 0, 353, 289, 213, 371, 290, 379, 332],\n",
    "    [184, 271, 417, 239, 300, 249, 168, 108, 321, 241, 279, 310, 184, 309, 240, 118, 362, 296, 179, 269, 229, 353, 0, 121, 162, 345, 80, 189, 342],\n",
    "    [67, 146, 292, 135, 175, 147, 249, 57, 221, 131, 215, 200, 74, 245, 176, 62, 287, 232, 120, 159, 104, 289, 121, 0, 154, 220, 41, 93, 218],\n",
    "    [221, 251, 424, 137, 307, 301, 95, 190, 353, 169, 117, 354, 150, 169, 125, 92, 228, 181, 69, 197, 236, 213, 162, 154, 0, 352, 147, 247, 350],\n",
    "    [169, 105, 116, 242, 57, 118, 437, 245, 72, 200, 359, 169, 208, 327, 280, 277, 358, 292, 283, 172, 110, 371, 345, 220, 352, 0, 265, 178, 39],\n",
    "    [108, 191, 337, 165, 220, 188, 190, 43, 266, 161, 216, 241, 104, 246, 177, 55, 299, 233, 121, 189, 149, 290, 80, 41, 147, 265, 0, 124, 263],\n",
    "    [45, 139, 273, 228, 121, 60, 314, 81, 132, 189, 308, 112, 158, 335, 266, 155, 380, 314, 213, 182, 97, 379, 189, 93, 247, 178, 124, 0, 199],\n",
    "    [167, 79, 77, 205, 97, 185, 435, 243, 111, 163, 322, 238, 206, 288, 243, 275, 319, 253, 281, 135, 108, 332, 342, 218, 350, 39, 263, 199, 0]]"
   ]
  },
  {
   "cell_type": "code",
   "execution_count": 3,
   "id": "9991025e",
   "metadata": {},
   "outputs": [],
   "source": [
    "# Índices dos pontos de origem e destino\n",
    "origens = [i + 1 for i in range(qtd_pontos)]\n",
    "destinos = [i + 1 for i in range(qtd_pontos)]\n",
    "\n",
    "# Dicionário dos custos\n",
    "custos = dict()\n",
    "for i, origem in enumerate(origens):\n",
    "    for j, destino in enumerate(destinos):\n",
    "        custos[origem, destino] = mat_custos[i][j]"
   ]
  },
  {
   "cell_type": "code",
   "execution_count": 6,
   "id": "8ca3d31c",
   "metadata": {},
   "outputs": [
    {
     "name": "stdout",
     "output_type": "stream",
     "text": [
      "Set parameter Username\n",
      "Academic license - for non-commercial use only - expires 2023-03-26\n"
     ]
    }
   ],
   "source": [
    "# Inicializa o modelo\n",
    "m = gp.Model()\n",
    "\n",
    "# Variáveis de decisão\n",
    "x = m.addVars(origens, destinos, vtype=gp.GRB.BINARY)\n",
    "u = m.addVars(origens[1:], vtype=gp.GRB.INTEGER, ub=qtd_pontos - 1)\n",
    "\n",
    "# Função Objetivo\n",
    "m.setObjective(x.prod(custos), sense=gp.GRB.MINIMIZE)\n",
    "\n",
    "# Restrições que garantem que cada ponto será origem exatamente uma vez\n",
    "c1 = m.addConstrs(\n",
    "    gp.quicksum(x[i, j] for j in destinos if i != j) == 1\n",
    "    for i in origens)\n",
    "\n",
    "# Restrições que garantem que cada ponto será destino exatamente uma vez\n",
    "c2 = m.addConstrs(\n",
    "    gp.quicksum(x[i, j] for i in origens if i != j) == 1\n",
    "    for j in destinos)\n",
    "\n",
    "# Restrições de eliminação de subrotas\n",
    "c3 = m.addConstrs(\n",
    "    u[i] - u[j] + qtd_pontos * x[i, j] <= qtd_pontos - 1\n",
    "    for i in origens[1:] for j in destinos[1:] if i != j)"
   ]
  },
  {
   "cell_type": "code",
   "execution_count": 7,
   "id": "db7ed6f4",
   "metadata": {},
   "outputs": [
    {
     "name": "stdout",
     "output_type": "stream",
     "text": [
      "Gurobi Optimizer version 9.5.1 build v9.5.1rc2 (win64)\n",
      "Thread count: 4 physical cores, 8 logical processors, using up to 8 threads\n",
      "Optimize a model with 814 rows, 869 columns and 3892 nonzeros\n",
      "Model fingerprint: 0xc7b39200\n",
      "Variable types: 0 continuous, 869 integer (841 binary)\n",
      "Coefficient statistics:\n",
      "  Matrix range     [1e+00, 3e+01]\n",
      "  Objective range  [3e+01, 5e+02]\n",
      "  Bounds range     [1e+00, 3e+01]\n",
      "  RHS range        [1e+00, 3e+01]\n",
      "Presolve removed 0 rows and 29 columns\n",
      "Presolve time: 0.02s\n",
      "Presolved: 814 rows, 840 columns, 3892 nonzeros\n",
      "Variable types: 0 continuous, 840 integer (812 binary)\n",
      "Found heuristic solution: objective 4811.0000000\n",
      "\n",
      "Root relaxation: objective 1.774690e+03, 110 iterations, 0.01 seconds (0.00 work units)\n",
      "\n",
      "    Nodes    |    Current Node    |     Objective Bounds      |     Work\n",
      " Expl Unexpl |  Obj  Depth IntInf | Incumbent    BestBd   Gap | It/Node Time\n",
      "\n",
      "     0     0 1774.68966    0   55 4811.00000 1774.68966  63.1%     -    0s\n",
      "     0     0 1924.00000    0   62 4811.00000 1924.00000  60.0%     -    0s\n",
      "H    0     0                    2418.0000000 1924.00000  20.4%     -    0s\n",
      "     0     0 1924.00000    0   64 2418.00000 1924.00000  20.4%     -    0s\n",
      "     0     0 1927.00000    0   78 2418.00000 1927.00000  20.3%     -    0s\n",
      "     0     0 1927.96552    0   82 2418.00000 1927.96552  20.3%     -    0s\n",
      "     0     0 1928.17241    0   75 2418.00000 1928.17241  20.3%     -    0s\n",
      "     0     0 1928.17241    0   78 2418.00000 1928.17241  20.3%     -    0s\n",
      "     0     0 1953.18182    0   77 2418.00000 1953.18182  19.2%     -    0s\n",
      "     0     0 1953.66667    0   78 2418.00000 1953.66667  19.2%     -    0s\n",
      "     0     0 1954.17241    0   80 2418.00000 1954.17241  19.2%     -    0s\n",
      "     0     0 1959.00000    0   78 2418.00000 1959.00000  19.0%     -    0s\n",
      "     0     0 1959.00000    0   76 2418.00000 1959.00000  19.0%     -    0s\n",
      "H    0     0                    2134.0000000 1959.00000  8.20%     -    0s\n",
      "     0     0 1959.00000    0   42 2134.00000 1959.00000  8.20%     -    0s\n",
      "     0     0 1959.00000    0   59 2134.00000 1959.00000  8.20%     -    0s\n",
      "H    0     0                    2028.0000000 1959.00000  3.40%     -    0s\n",
      "     0     0 1959.00000    0   35 2028.00000 1959.00000  3.40%     -    0s\n",
      "     0     0 1959.00000    0   60 2028.00000 1959.00000  3.40%     -    0s\n",
      "     0     0 1959.00000    0   69 2028.00000 1959.00000  3.40%     -    0s\n",
      "     0     0 1959.00000    0   76 2028.00000 1959.00000  3.40%     -    0s\n",
      "     0     0 1959.00000    0   75 2028.00000 1959.00000  3.40%     -    0s\n",
      "     0     0 1959.00000    0   75 2028.00000 1959.00000  3.40%     -    0s\n",
      "     0     0 1959.00000    0   75 2028.00000 1959.00000  3.40%     -    0s\n",
      "     0     0 1959.00000    0   78 2028.00000 1959.00000  3.40%     -    0s\n",
      "     0     0 1959.00000    0   76 2028.00000 1959.00000  3.40%     -    0s\n",
      "     0     0 1959.00000    0   51 2028.00000 1959.00000  3.40%     -    0s\n",
      "H    0     0                    2020.0000000 1959.00000  3.02%     -    0s\n",
      "     0     0 1959.00000    0   52 2020.00000 1959.00000  3.02%     -    0s\n",
      "     0     0 1959.00000    0   36 2020.00000 1959.00000  3.02%     -    0s\n",
      "     0     0 1959.00000    0   52 2020.00000 1959.00000  3.02%     -    0s\n",
      "     0     0 1959.00000    0   43 2020.00000 1959.00000  3.02%     -    0s\n",
      "     0     0 1959.00000    0   41 2020.00000 1959.00000  3.02%     -    0s\n",
      "     0     2 1959.00000    0   40 2020.00000 1959.00000  3.02%     -    0s\n",
      "\n",
      "Cutting planes:\n",
      "  Learned: 12\n",
      "  Gomory: 5\n",
      "  Cover: 1\n",
      "  Implied bound: 9\n",
      "  MIR: 16\n",
      "  Inf proof: 3\n",
      "  Zero half: 2\n",
      "  RLT: 4\n",
      "  Relax-and-lift: 19\n",
      "\n",
      "Explored 905 nodes (9301 simplex iterations) in 0.80 seconds (0.29 work units)\n",
      "Thread count was 8 (of 8 available processors)\n",
      "\n",
      "Solution count 5: 2020 2028 2134 ... 4811\n",
      "\n",
      "Optimal solution found (tolerance 1.00e-04)\n",
      "Best objective 2.020000000000e+03, best bound 2.020000000000e+03, gap 0.0000%\n"
     ]
    }
   ],
   "source": [
    "# Executa o modelo\n",
    "m.optimize()"
   ]
  },
  {
   "cell_type": "code",
   "execution_count": 8,
   "id": "049f5d01",
   "metadata": {},
   "outputs": [
    {
     "name": "stdout",
     "output_type": "stream",
     "text": [
      "[1, 28, 6, 12, 9, 5, 26, 29, 3, 2, 20, 10, 4, 15, 18, 17, 14, 22, 11, 19, 25, 7, 23, 27, 8, 24, 16, 13, 21, 1]\n"
     ]
    }
   ],
   "source": [
    "# Constrói o vetor com o circuito\n",
    "circuito = [1]\n",
    "anterior = 1\n",
    "for ponto in range(qtd_pontos):\n",
    "    for j in destinos:\n",
    "        if round(x[anterior, j].X) == 1:\n",
    "            circuito.append(j)\n",
    "            anterior = j\n",
    "            break\n",
    "            \n",
    "# Imprime o circuito\n",
    "print(circuito)"
   ]
  },
  {
   "cell_type": "code",
   "execution_count": 9,
   "id": "33a28736",
   "metadata": {},
   "outputs": [
    {
     "name": "stdout",
     "output_type": "stream",
     "text": [
      "01: 0 0 0 0 0 0 0 0 0 0 0 0 0 0 0 0 0 0 0 0 0 0 0 0 0 0 0 1 0 \n",
      "02: 0 0 0 0 0 0 0 0 0 0 0 0 0 0 0 0 0 0 0 1 0 0 0 0 0 0 0 0 0 \n",
      "03: 0 1 0 0 0 0 0 0 0 0 0 0 0 0 0 0 0 0 0 0 0 0 0 0 0 0 0 0 0 \n",
      "04: 0 0 0 0 0 0 0 0 0 0 0 0 0 0 1 0 0 0 0 0 0 0 0 0 0 0 0 0 0 \n",
      "05: 0 0 0 0 0 0 0 0 0 0 0 0 0 0 0 0 0 0 0 0 0 0 0 0 0 1 0 0 0 \n",
      "06: 0 0 0 0 0 0 0 0 0 0 0 1 0 0 0 0 0 0 0 0 0 0 0 0 0 0 0 0 0 \n",
      "07: 0 0 0 0 0 0 0 0 0 0 0 0 0 0 0 0 0 0 0 0 0 0 1 0 0 0 0 0 0 \n",
      "08: 0 0 0 0 0 0 0 0 0 0 0 0 0 0 0 0 0 0 0 0 0 0 0 1 0 0 0 0 0 \n",
      "09: 0 0 0 0 1 0 0 0 0 0 0 0 0 0 0 0 0 0 0 0 0 0 0 0 0 0 0 0 0 \n",
      "10: 0 0 0 1 0 0 0 0 0 0 0 0 0 0 0 0 0 0 0 0 0 0 0 0 0 0 0 0 0 \n",
      "11: 0 0 0 0 0 0 0 0 0 0 0 0 0 0 0 0 0 0 1 0 0 0 0 0 0 0 0 0 0 \n",
      "12: 0 0 0 0 0 0 0 0 1 0 0 0 0 0 0 0 0 0 0 0 0 0 0 0 0 0 0 0 0 \n",
      "13: 0 0 0 0 0 0 0 0 0 0 0 0 0 0 0 0 0 0 0 0 1 0 0 0 0 0 0 0 0 \n",
      "14: 0 0 0 0 0 0 0 0 0 0 0 0 0 0 0 0 0 0 0 0 0 1 0 0 0 0 0 0 0 \n",
      "15: 0 0 0 0 0 0 0 0 0 0 0 0 0 0 0 0 0 1 0 0 0 0 0 0 0 0 0 0 0 \n",
      "16: 0 0 0 0 0 0 0 0 0 0 0 0 1 0 0 0 0 0 0 0 0 0 0 0 0 0 0 0 0 \n",
      "17: 0 0 0 0 0 0 0 0 0 0 0 0 0 1 0 0 0 0 0 0 0 0 0 0 0 0 0 0 0 \n",
      "18: 0 0 0 0 0 0 0 0 0 0 0 0 0 0 0 0 1 0 0 0 0 0 0 0 0 0 0 0 0 \n",
      "19: 0 0 0 0 0 0 0 0 0 0 0 0 0 0 0 0 0 0 0 0 0 0 0 0 1 0 0 0 0 \n",
      "20: 0 0 0 0 0 0 0 0 0 1 0 0 0 0 0 0 0 0 0 0 0 0 0 0 0 0 0 0 0 \n",
      "21: 1 0 0 0 0 0 0 0 0 0 0 0 0 0 0 0 0 0 0 0 0 0 0 0 0 0 0 0 0 \n",
      "22: 0 0 0 0 0 0 0 0 0 0 1 0 0 0 0 0 0 0 0 0 0 0 0 0 0 0 0 0 0 \n",
      "23: 0 0 0 0 0 0 0 0 0 0 0 0 0 0 0 0 0 0 0 0 0 0 0 0 0 0 1 0 0 \n",
      "24: 0 0 0 0 0 0 0 0 0 0 0 0 0 0 0 1 0 0 0 0 0 0 0 0 0 0 0 0 0 \n",
      "25: 0 0 0 0 0 0 1 0 0 0 0 0 0 0 0 0 0 0 0 0 0 0 0 0 0 0 0 0 0 \n",
      "26: 0 0 0 0 0 0 0 0 0 0 0 0 0 0 0 0 0 0 0 0 0 0 0 0 0 0 0 0 1 \n",
      "27: 0 0 0 0 0 0 0 1 0 0 0 0 0 0 0 0 0 0 0 0 0 0 0 0 0 0 0 0 0 \n",
      "28: 0 0 0 0 0 1 0 0 0 0 0 0 0 0 0 0 0 0 0 0 0 0 0 0 0 0 0 0 0 \n",
      "29: 0 0 1 0 0 0 0 0 0 0 0 0 0 0 0 0 0 0 0 0 0 0 0 0 0 0 0 0 0 \n"
     ]
    }
   ],
   "source": [
    "# Imprime a matriz de valores da variável X\n",
    "for i in origens:\n",
    "    print(\"{:02d}: \".format(i), end=\"\")\n",
    "    for j in destinos:\n",
    "        print(round(x[i, j].X), \"\", end=\"\")\n",
    "    print(\"\")"
   ]
  }
 ],
 "metadata": {
  "kernelspec": {
   "display_name": "Python 3 (ipykernel)",
   "language": "python",
   "name": "python3"
  },
  "language_info": {
   "codemirror_mode": {
    "name": "ipython",
    "version": 3
   },
   "file_extension": ".py",
   "mimetype": "text/x-python",
   "name": "python",
   "nbconvert_exporter": "python",
   "pygments_lexer": "ipython3",
   "version": "3.9.7"
  }
 },
 "nbformat": 4,
 "nbformat_minor": 5
}
